test	size	container	runtime	min	max	avg	var	dev
emplace	1000	vector	4843	1.80900	24.85700	4.84343	3.94930	1.98728
emplace	1000	tuple	4994	3.96600	17.46900	4.99493	0.42579	0.65252
emplace	1000	map	41239	38.32000	72.34300	41.23992	19.86244	4.45673
array	1000	vector	935	0.91400	2.55600	0.93589	0.00727	0.08527
array	1000	tuple	1008	0.97700	8.57100	1.00815	0.06299	0.25098
array	1000	map	32687	30.40400	59.81900	32.68706	14.32068	3.78427
iterator	1000	vector	662	0.62400	14.95600	0.66289	0.20657	0.45450
iterator	1000	tuple	741	0.64300	15.95000	0.74167	0.32764	0.57239
iterator	1000	map	6154	5.65100	20.43000	6.15477	3.41907	1.84907
find	1000	map	30807	28.71000	61.02600	30.80728	13.48297	3.67192
find	1000	tuple	31144	30.10400	57.84800	31.14465	8.71925	2.95284
lower_bound	1000	tuple	70776	68.58500	122.46400	70.77668	31.03177	5.57062
lower_bound	1000	map	71041	67.63500	142.87900	71.04123	40.04799	6.32835
emplace	2000	vector	4058	3.71100	16.80500	4.05896	0.84096	0.91704
emplace	2000	tuple	4562	4.37200	16.84100	4.56219	0.19148	0.43759
emplace	2000	map	83435	77.23900	132.73500	83.43560	69.55226	8.33980
array	2000	vector	1818	1.80400	2.94900	1.81872	0.00765	0.08745
array	2000	tuple	1997	1.85400	16.18100	1.99754	1.58097	1.25737
array	2000	map	72285	68.45600	118.79400	72.28504	47.77690	6.91208
iterator	2000	vector	1340	1.29500	4.98500	1.34028	0.01373	0.11718
iterator	2000	tuple	1454	1.39400	12.22500	1.45412	0.12030	0.34685
iterator	2000	map	13493	12.46300	37.31100	13.49375	4.87348	2.20760
find	2000	tuple	61507	60.02000	113.55300	61.50739	17.15234	4.14154
find	2000	map	67966	65.08000	113.60200	67.96648	38.11917	6.17407
lower_bound	2000	tuple	139106	137.19900	190.18600	139.10628	27.45919	5.24015
lower_bound	2000	map	148311	142.53000	212.15800	148.31136	108.59873	10.42107
emplace	3000	vector	6490	5.51400	32.53000	6.49023	4.43878	2.10684
emplace	3000	tuple	6796	6.53100	19.45600	6.79658	0.51729	0.71923
emplace	3000	map	122080	116.07900	187.65800	122.08020	57.74552	7.59905
array	3000	tuple	2708	2.68700	10.53900	2.70856	0.07115	0.26673
array	3000	vector	2722	2.68800	15.04500	2.72213	0.18230	0.42696
array	3000	map	113303	108.69200	173.89800	113.30354	73.41829	8.56845
iterator	3000	vector	1948	1.89400	3.08800	1.94828	0.00190	0.04356
iterator	3000	tuple	2236	1.91200	16.49400	2.23645	1.28266	1.13254
iterator	3000	map	19231	17.75700	48.57900	19.23130	6.58592	2.56630
find	3000	tuple	93126	90.02800	168.49500	93.12659	33.61571	5.79791
find	3000	map	107284	103.77400	158.81000	107.28486	57.10671	7.55690
lower_bound	3000	tuple	208472	205.87600	256.36900	208.47240	38.17299	6.17843
lower_bound	3000	map	230135	222.96700	341.28900	230.13510	179.80923	13.40930
emplace	4000	vector	8203	7.39300	21.98600	8.20375	1.89085	1.37508
emplace	4000	tuple	9016	8.69000	18.67900	9.01661	0.29434	0.54253
emplace	4000	map	164655	155.55600	262.87400	164.65527	80.66806	8.98154
array	4000	tuple	3682	3.57200	34.17500	3.68213	1.16170	1.07782
array	4000	vector	3692	3.57200	16.24800	3.69269	0.38304	0.61890
array	4000	map	157091	152.41600	247.92800	157.09155	95.74157	9.78476
iterator	4000	vector	2722	2.58900	16.87200	2.72255	0.81524	0.90291
iterator	4000	tuple	2826	2.59100	32.42100	2.82607	1.71591	1.30993
iterator	4000	map	30977	28.88400	63.82700	30.97752	11.14259	3.33805
find	4000	tuple	122793	120.08600	199.76600	122.79333	43.59803	6.60288
find	4000	map	157091	150.64800	284.66300	157.09189	146.19783	12.09123
lower_bound	4000	tuple	278478	274.54100	330.80900	278.47802	64.07831	8.00489
lower_bound	4000	map	321041	309.63800	403.69700	321.04194	148.96220	12.20501
emplace	5000	vector	9655	9.10700	27.00600	9.65518	1.93358	1.39053
emplace	5000	tuple	11879	11.03400	30.72700	11.87940	1.89245	1.37566
emplace	5000	map	207424	194.91200	380.91700	207.42447	155.95604	12.48824
array	5000	vector	4569	4.49600	16.98900	4.56969	0.34926	0.59098
array	5000	tuple	4853	4.79200	15.26300	4.85332	0.13190	0.36318
array	5000	map	216598	200.74200	342.33400	216.59872	177.49482	13.32272
iterator	5000	tuple	3448	3.35000	18.31700	3.44807	0.23145	0.48109
iterator	5000	vector	3615	3.51900	12.03800	3.61531	0.07673	0.27700
iterator	5000	map	44413	38.20000	110.03400	44.41310	65.16001	8.07218
find	5000	tuple	159986	150.21000	315.84200	159.98604	179.37965	13.39327
find	5000	map	206259	204.00200	250.87100	206.25969	24.08214	4.90736
lower_bound	5000	tuple	349443	343.22900	446.22800	349.44309	138.74218	11.77889
lower_bound	5000	map	419387	401.74400	546.92200	419.38795	406.94617	20.17291
emplace	6000	vector	12205	11.20700	37.94700	12.20531	4.46686	2.11350
emplace	6000	tuple	14597	13.41300	31.35800	14.59752	3.27895	1.81079
emplace	6000	map	248311	235.27100	522.06500	248.31161	217.60600	14.75147
array	6000	tuple	5505	5.39400	16.43800	5.50547	0.59291	0.77001
array	6000	vector	5666	5.43600	18.40700	5.66602	1.03567	1.01768
array	6000	map	250729	241.31200	335.41200	250.72988	259.98743	16.12413
iterator	6000	tuple	4189	4.04700	17.85800	4.18949	0.24259	0.49253
iterator	6000	vector	5235	4.57400	23.59300	5.23564	3.59530	1.89613
iterator	6000	map	52964	45.60500	473.98000	52.96419	407.53277	20.18744
find	6000	tuple	182993	180.19000	233.91600	182.99372	35.66643	5.97214
find	6000	map	240304	232.49100	338.69800	240.30432	201.86146	14.20780
lower_bound	6000	tuple	421534	411.84900	564.85500	421.53469	307.04080	17.52258
lower_bound	6000	map	500853	478.21800	671.96300	500.85358	503.65505	22.44226
emplace	7000	vector	16020	14.28700	45.91800	16.02078	7.22215	2.68741
emplace	7000	tuple	17374	15.79600	33.71900	17.37458	4.74136	2.17747
emplace	7000	map	288111	272.49500	373.32700	288.11170	128.05785	11.31626
array	7000	tuple	6522	6.37800	18.99100	6.52226	0.44115	0.66419
array	7000	vector	6766	6.44100	16.67800	6.76680	0.87738	0.93669
array	7000	map	302099	293.60000	447.87000	302.09968	240.00587	15.49212
iterator	7000	tuple	4871	4.73700	19.98500	4.87191	0.46681	0.68323
iterator	7000	vector	5429	5.21900	17.98000	5.42909	0.53095	0.72867
iterator	7000	map	57202	50.77600	145.02000	57.20281	112.13946	10.58959
find	7000	tuple	213854	210.43500	259.39000	213.85455	50.67921	7.11893
find	7000	map	291940	281.58200	366.93600	291.94074	266.98858	16.33979
lower_bound	7000	tuple	506193	480.90300	702.43200	506.19372	584.28663	24.17202
lower_bound	7000	map	627893	580.39900	762.98900	627.89325	869.59077	29.48882
emplace	8000	vector	17112	15.48300	49.01200	17.11233	10.18972	3.19213
emplace	8000	tuple	19407	17.83800	35.40900	19.40741	5.05265	2.24781
emplace	8000	map	331615	315.36900	478.73900	331.61512	209.53226	14.47523
array	8000	vector	7458	7.34900	12.53100	7.45800	0.09466	0.30767
array	8000	tuple	7836	7.67600	25.25600	7.83641	0.65716	0.81065
array	8000	map	344869	338.08400	471.33500	344.86950	234.83457	15.32431
iterator	8000	tuple	6137	5.83600	24.76500	6.13735	1.51158	1.22946
iterator	8000	vector	6682	6.47300	15.98400	6.68214	0.55236	0.74321
iterator	8000	map	66268	62.55900	173.73500	66.26884	44.99905	6.70813
find	8000	tuple	247604	240.07300	388.87700	247.60494	148.61240	12.19067
find	8000	map	334860	322.49000	449.91400	334.86038	226.38772	15.04619
lower_bound	8000	tuple	569508	549.24700	732.01800	569.50805	426.28347	20.64663
lower_bound	8000	map	703582	681.76100	888.07100	703.58213	713.35795	26.70876
emplace	9000	vector	19030	17.62600	70.10200	19.03019	8.09941	2.84595
emplace	9000	tuple	22563	21.08900	49.46800	22.56373	7.78115	2.78947
emplace	9000	map	372818	350.57200	505.47100	372.81858	279.12095	16.70691
array	9000	vector	8934	8.68200	20.19400	8.93476	0.80187	0.89547
array	9000	tuple	9026	8.77100	22.89700	9.02609	1.51324	1.23014
array	9000	map	402788	392.35600	675.96300	402.78809	476.86206	21.83717
iterator	9000	tuple	7356	7.11900	33.56800	7.35687	1.46106	1.20874
iterator	9000	vector	7611	7.26600	20.54500	7.61163	1.14713	1.07104
iterator	9000	map	68206	64.10800	120.93400	68.20635	37.96400	6.16149
find	9000	tuple	275704	270.51900	375.52100	275.70454	113.93660	10.67411
find	9000	map	390253	380.91600	535.21100	390.25358	282.68511	16.81324
lower_bound	9000	tuple	632102	618.05000	918.89600	632.10299	525.02665	22.91346
lower_bound	9000	map	833796	780.17600	1847.59500	833.79661	3434.32101	58.60308
emplace	10000	vector	22472	20.20500	72.02600	22.47216	12.54117	3.54135
emplace	10000	tuple	25133	22.99700	52.34100	25.13388	7.85977	2.80353
emplace	10000	map	415365	393.09500	513.90100	415.36520	224.73303	14.99110
array	10000	vector	9978	9.55400	22.49000	9.97867	1.76424	1.32825
array	10000	tuple	10462	10.24700	29.01100	10.46237	0.73422	0.85687
array	10000	map	453616	442.87800	552.72300	453.61616	294.46615	17.16002
iterator	10000	vector	8434	8.26800	14.88600	8.43418	0.08443	0.29057
iterator	10000	tuple	8491	8.13500	32.43100	8.49135	1.59205	1.26177
iterator	10000	map	76401	72.00100	163.51700	76.40156	50.14247	7.08113
find	10000	tuple	307957	300.12300	415.37500	307.95781	175.22243	13.23716
find	10000	map	436057	423.74900	536.73200	436.05784	363.46080	19.06465
lower_bound	10000	tuple	696567	686.95700	911.59700	696.56786	330.62447	18.18308
lower_bound	10000	map	929098	891.63900	1178.96300	929.09860	1126.68922	33.56619
emplace	11000	vector	23675	21.80000	145.80100	23.67507	24.70029	4.96994
emplace	11000	tuple	27271	25.60000	47.40700	27.27113	6.29533	2.50905
emplace	11000	map	485642	429.16300	910.57200	485.64228	2956.91277	54.37750
array	11000	tuple	11236	10.91000	28.35400	11.23622	1.39575	1.18142
array	11000	vector	12150	11.79600	22.76500	12.15089	0.46312	0.68053
array	11000	map	498075	482.95000	675.93400	498.07583	431.87512	20.78161
iterator	11000	vector	9547	9.25500	20.87600	9.54726	0.65612	0.81001
iterator	11000	tuple	9875	9.70200	29.60500	9.87553	0.43846	0.66217
iterator	11000	map	91674	83.21400	232.00800	91.67413	196.58480	14.02087
find	11000	tuple	337787	330.26900	557.95500	337.78798	183.37668	13.54166
find	11000	map	475578	461.15500	595.74900	475.57810	348.63280	18.67171
lower_bound	11000	tuple	767741	755.25200	1021.98100	767.74165	516.41463	22.72476
lower_bound	11000	map	970789	913.59200	1818.56400	970.78989	3493.89437	59.10917
emplace	12000	vector	26002	24.48800	130.60100	26.00203	17.18631	4.14564
emplace	12000	tuple	30296	27.88900	52.27300	30.29626	10.66890	3.26633
emplace	12000	map	497645	467.06600	826.81600	497.64509	685.50507	26.18215
array	12000	tuple	12038	11.76400	28.32200	12.03818	0.64818	0.80510
array	12000	vector	12570	11.82000	37.64500	12.57027	5.15938	2.27143
array	12000	map	542850	531.47200	974.56000	542.85062	659.14751	25.67387
iterator	12000	vector	10988	10.40000	37.92200	10.98889	3.44783	1.85683
iterator	12000	tuple	11143	10.74300	44.36000	11.14361	3.11486	1.76490
iterator	12000	map	94303	90.11000	282.16200	94.30321	93.60591	9.67501
find	12000	tuple	378794	360.88800	485.53400	378.79490	330.61813	18.18291
find	12000	map	540856	506.76100	799.44100	540.85689	704.00308	26.53306
lower_bound	12000	tuple	844422	824.15000	1084.35500	844.42239	686.94925	26.20972
lower_bound	12000	map	1100714	1023.35600	1617.69900	1100.71439	1647.10041	40.58448
emplace	13000	vector	28260	26.42200	246.09500	28.26088	57.12340	7.55800
emplace	13000	tuple	34785	30.20800	86.88100	34.78502	29.38156	5.42048
emplace	13000	map	537791	506.36900	772.99100	537.79186	519.73928	22.79779
array	13000	tuple	14122	13.75200	31.70300	14.12296	1.59091	1.26131
array	13000	vector	14552	13.54000	31.75300	14.55284	3.70744	1.92547
array	13000	map	603747	591.53900	789.31900	603.74707	441.78418	21.01866
iterator	13000	vector	12016	11.41300	29.12800	12.01616	3.89429	1.97340
iterator	13000	tuple	12045	11.65600	43.88200	12.04589	3.67395	1.91676
iterator	13000	map	98791	93.09500	399.32100	98.79130	181.13204	13.45853
find	13000	tuple	403915	390.77900	617.12000	403.91539	362.14888	19.03021
find	13000	map	581726	567.74000	751.47200	581.72651	427.48124	20.67562
lower_bound	13000	tuple	907428	892.82000	1144.97800	907.42898	528.67058	22.99284
lower_bound	13000	map	1212868	1134.77400	2688.44700	1212.86879	15778.12072	125.61099
emplace	14000	vector	33327	31.19500	98.43800	33.32709	14.85175	3.85380
emplace	14000	tuple	35145	32.80700	70.04000	35.14581	9.43651	3.07189
emplace	14000	map	580601	542.58200	825.20300	580.60173	574.91406	23.97737
array	14000	tuple	14435	14.15100	35.66300	14.43558	1.42235	1.19262
array	14000	vector	15024	14.13300	32.43900	15.02410	3.49382	1.86918
array	14000	map	670180	657.01200	859.74200	670.18031	588.48083	24.25862
iterator	14000	tuple	13077	12.68500	48.44900	13.07709	2.48207	1.57546
iterator	14000	vector	13643	12.66800	38.49300	13.64306	6.91657	2.62994
iterator	14000	map	114044	108.39500	439.42500	114.04486	206.80951	14.38087
find	14000	tuple	428971	420.65900	626.50000	428.97186	255.64206	15.98881
find	14000	map	646233	613.57200	1028.76800	646.23339	1292.70658	35.95423
lower_bound	14000	tuple	978458	961.94500	1288.24300	978.45830	878.36309	29.63719
lower_bound	14000	map	1328404	1204.87600	1799.04600	1328.40447	3839.89280	61.96687
emplace	15000	vector	32281	30.65300	121.62300	32.28150	15.47127	3.93335
emplace	15000	tuple	38499	34.92000	85.34000	38.49963	23.50077	4.84776
emplace	15000	map	621812	588.25600	853.93600	621.81252	544.84199	23.34185
array	15000	tuple	16338	15.96200	43.50100	16.33842	2.08209	1.44294
array	15000	vector	17076	15.72400	45.55300	17.07626	7.67359	2.77013
array	15000	map	724056	709.47000	1065.26300	724.05625	847.44897	29.11098
iterator	15000	tuple	14118	13.87900	39.54800	14.11818	1.17503	1.08399
iterator	15000	vector	14722	13.67400	33.01200	14.72251	4.11527	2.02861
iterator	15000	map	121432	114.15100	594.47000	121.43288	553.37966	23.52402
find	15000	tuple	458378	450.23800	665.28900	458.37829	288.90503	16.99721
find	15000	map	674589	659.47500	863.09600	674.58945	689.53040	26.25891
lower_bound	15000	tuple	1046180	1029.96000	1283.19400	1046.18088	663.45060	25.75753
lower_bound	15000	map	1470295	1276.61800	2108.94300	1470.29553	6250.09064	79.05751
emplace	16000	vector	36121	33.98800	162.57800	36.12176	35.17568	5.93091
emplace	16000	tuple	40670	36.97200	79.64000	40.67002	23.46599	4.84417
emplace	16000	map	663546	624.04700	927.92400	663.54622	624.03676	24.98073
array	16000	tuple	16600	16.25900	42.59800	16.60064	1.96722	1.40258
array	16000	vector	17390	16.28500	45.28400	17.39013	7.16697	2.67712
array	16000	map	781602	761.99700	1129.77400	781.60231	1090.11660	33.01691
iterator	16000	tuple	15328	14.91800	40.56500	15.32869	2.88842	1.69954
iterator	16000	vector	15420	14.58100	28.63900	15.42073	1.71536	1.30972
iterator	16000	map	116003	109.80000	463.02300	116.00390	307.95040	17.54852
find	16000	tuple	502427	480.55300	689.81500	502.42736	302.03342	17.37911
find	16000	map	721077	703.12400	1086.14300	721.07743	789.07614	28.09050
lower_bound	16000	tuple	1119529	1099.96500	1304.88900	1119.52959	782.69780	27.97674
lower_bound	16000	map	1576714	1471.68100	3204.41000	1576.71415	12665.68606	112.54193
emplace	17000	vector	38478	35.96700	195.63100	38.47864	40.77519	6.38555
emplace	17000	tuple	43519	40.01900	78.68000	43.51937	20.49065	4.52666
emplace	17000	map	699897	667.50200	886.29000	699.89736	483.72140	21.99367
array	17000	tuple	18607	18.14200	46.81600	18.60725	3.81041	1.95203
array	17000	vector	18632	17.33500	39.89800	18.63287	3.80660	1.95105
array	17000	map	856332	836.86000	1276.19900	856.33249	1188.68993	34.47738
iterator	17000	tuple	16187	15.85900	45.32900	16.18797	3.16787	1.77985
iterator	17000	vector	16426	15.53300	31.28200	16.42675	3.12727	1.76841
iterator	17000	map	134353	127.79200	613.13800	134.35334	599.64180	24.48758
find	17000	tuple	522585	510.48500	679.38700	522.58501	327.67789	18.10188
find	17000	map	820663	769.54900	1412.79600	820.66380	2175.53524	46.64263
lower_bound	17000	tuple	1186575	1168.18500	1460.50500	1186.57512	671.48253	25.91298
lower_bound	17000	map	1650863	1540.95600	2216.56100	1650.86375	3963.42387	62.95573
emplace	18000	vector	40405	37.95500	134.39800	40.40541	18.05103	4.24865
emplace	18000	tuple	46337	42.13700	97.33800	46.33792	27.88386	5.28052
emplace	18000	map	756989	715.28600	1596.87900	756.98936	2225.84700	47.17888
array	18000	tuple	20104	19.15800	69.03600	20.10467	10.46762	3.23537
array	18000	vector	21768	19.21300	54.04300	21.76807	15.59989	3.94967
array	18000	map	931459	882.54200	1758.86100	931.45909	2533.14321	50.33034
iterator	18000	tuple	17222	16.74100	43.21100	17.22233	2.87751	1.69632
iterator	18000	vector	18204	16.69500	51.29400	18.20475	7.55902	2.74937
iterator	18000	map	146383	136.67800	595.96600	146.38340	942.94781	30.70746
find	18000	tuple	553780	541.24900	769.87100	553.78073	628.55588	25.07102
find	18000	map	844101	821.65000	1135.11400	844.10149	1455.67654	38.15333
lower_bound	18000	tuple	1282490	1236.28300	1550.10500	1282.49015	2094.05532	45.76085
lower_bound	18000	map	1725888	1638.23100	2334.25800	1725.88881	3672.39240	60.60027
emplace	19000	vector	42600	39.43300	83.10800	42.60066	19.73909	4.44287
emplace	19000	tuple	48796	45.74200	74.76000	48.79662	6.41328	2.53245
emplace	19000	map	787857	747.05300	1190.19200	787.85796	1290.57378	35.92456
array	19000	vector	21106	19.53100	41.40400	21.10641	7.02506	2.65048
array	19000	tuple	21224	20.28700	46.58100	21.22489	8.94816	2.99135
array	19000	map	926332	907.15400	1399.41400	926.33232	1432.10293	37.84314
iterator	19000	tuple	18021	17.74100	66.52400	18.02186	3.78810	1.94630
iterator	19000	vector	19118	17.72800	44.59200	19.11822	7.35004	2.71109
iterator	19000	map	148181	141.06600	587.33300	148.18126	505.56891	22.48486
find	19000	tuple	582662	571.45100	777.51300	582.66230	525.10594	22.91519
find	19000	map	889698	865.15400	1205.36400	889.69872	1376.74684	37.10454
lower_bound	19000	tuple	1330294	1304.81100	1585.54100	1330.29459	1618.98053	40.23656
lower_bound	19000	map	1882178	1693.10300	2562.83600	1882.17871	4903.46554	70.02475
emplace	20000	vector	44634	42.39000	156.74500	44.63466	24.96059	4.99606
emplace	20000	tuple	50979	47.06600	114.10800	50.97985	32.08454	5.66432
emplace	20000	map	830795	780.20600	1147.23200	830.79559	1285.24049	35.85025
array	20000	tuple	20990	20.24900	60.61700	20.99011	6.21401	2.49279
array	20000	vector	21752	20.30700	58.82400	21.75270	7.52269	2.74275
array	20000	map	1008447	986.57300	1556.99000	1008.44755	1699.07041	41.21978
iterator	20000	tuple	19455	18.64500	56.01500	19.45571	6.59612	2.56829
iterator	20000	vector	19933	18.63600	44.83500	19.93350	6.89375	2.62559
iterator	20000	map	161372	149.93000	727.39700	161.37287	1580.76091	39.75878
find	20000	tuple	618760	601.45700	812.68900	618.76001	612.35955	24.74590
find	20000	map	944175	919.04300	1200.90900	944.17544	1532.18524	39.14314
lower_bound	20000	tuple	1434858	1373.54400	2196.62900	1434.85896	18356.40556	135.48581
lower_bound	20000	map	1960475	1789.99800	2534.20000	1960.47566	4910.49949	70.07496
